0 0.390234375 0.1423611111111111 0.04609375 0.07916666666666666
2 0.515234375 0.93125 0.10234375 0.05416666666666667
0 0.4203125 0.31180555555555556 0.028125 0.05694444444444444
0 0.051171875 0.06041666666666667 0.03515625 0.059722222222222225
0 0.383984375 0.05555555555555555 0.01953125 0.030555555555555555
0 0.798828125 0.3173611111111111 0.03203125 0.10972222222222222
0 0.410546875 0.9736111111111111 0.01640625 0.03333333333333333
0 0.626171875 0.10625 0.01640625 0.029166666666666667
0 0.22265625 0.013194444444444444 0.01875 0.02638888888888889
0 0.384375 0.475 0.01875 0.044444444444444446
1 0.53515625 0.08194444444444444 0.025 0.030555555555555555
1 0.476171875 0.7145833333333333 0.02734375 0.043055555555555555
0 0.595703125 0.15069444444444444 0.01328125 0.02361111111111111
0 0.40703125 0.011805555555555555 0.015625 0.02361111111111111
0 0.414453125 0.8180555555555555 0.01640625 0.03611111111111111
0 0.603125 0.5513888888888889 0.01875 0.044444444444444446
0 0.28359375 0.10972222222222222 0.034375 0.03611111111111111
